{
  "images": 10,
  "tp": 54,
  "fp": 13,
  "fn": 14,
  "mean_pck": 0.6963030930422235,
  "mean_kpt_dist_norm": 0.09839863240927584
}